nombre elements : 35 
nombre nodes : 19
1	0.000000	0.000000
2	5.400000	0.000000
3	0.540000	6.000000
4	4.860000	6.000000
5	1.080000	12.000000
6	4.320000	12.000000
7	1.620000	18.000000
8	3.780000	18.000000
9	2.160000	24.000000
10	3.240000	24.000000
11	-4.140000	24.000000
12	-9.300000	24.000000
13	-5.300000	26.000000
14	-1.300000	28.000000
15	2.700000	30.000000
16	6.700000	28.000000
17	10.700000	26.000000
18	9.540000	24.000000
19	14.700000	24.000000

element 1 : 1 	 2 	 2.100000e+011 	 2.000000e-004
element 2 : 1 	 3 	 2.100000e+011 	 1.300000e-003
element 3 : 2 	 3 	 2.100000e+011 	 1.300000e-003
element 4 : 2 	 4 	 2.100000e+011 	 1.300000e-003
element 5 : 3 	 4 	 2.100000e+011 	 2.000000e-004
element 6 : 3 	 5 	 2.100000e+011 	 1.300000e-003
element 7 : 4 	 5 	 2.100000e+011 	 1.300000e-003
element 8 : 4 	 6 	 2.100000e+011 	 1.300000e-003
element 9 : 5 	 6 	 2.100000e+011 	 2.000000e-004
element 10 : 5 	 7 	 2.100000e+011 	 1.300000e-003
element 11 : 6 	 7 	 2.100000e+011 	 1.300000e-003
element 12 : 6 	 8 	 2.100000e+011 	 1.300000e-003
element 13 : 7 	 8 	 2.100000e+011 	 2.000000e-004
element 14 : 7 	 9 	 2.100000e+011 	 1.300000e-003
element 15 : 8 	 9 	 2.100000e+011 	 1.300000e-003
element 16 : 8 	 10 	 2.100000e+011 	 1.300000e-003
element 17 : 9 	 10 	 2.100000e+011 	 2.000000e-004
element 18 : 9 	 15 	 2.100000e+011 	 1.300000e-003
element 19 : 10 	 15 	 2.100000e+011 	 1.300000e-003
element 20 : 10 	 16 	 2.100000e+011 	 1.300000e-003
element 21 : 15 	 16 	 2.100000e+011 	 1.300000e-003
element 22 : 10 	 18 	 2.100000e+011 	 2.000000e-004
element 23 : 16 	 18 	 2.100000e+011 	 1.300000e-003
element 24 : 16 	 17 	 2.100000e+011 	 1.300000e-003
element 25 : 17 	 18 	 2.100000e+011 	 1.300000e-003
element 26 : 17 	 19 	 2.100000e+011 	 1.300000e-003
element 27 : 18 	 19 	 2.100000e+011 	 2.000000e-004
element 28 : 9 	 14 	 2.100000e+011 	 1.300000e-003
element 29 : 14 	 15 	 2.100000e+011 	 1.300000e-003
element 30 : 9 	 11 	 2.100000e+011 	 2.000000e-004
element 31 : 11 	 14 	 2.100000e+011 	 1.300000e-003
element 32 : 13 	 14 	 2.100000e+011 	 1.300000e-003
element 33 : 11 	 13 	 2.100000e+011 	 1.300000e-003
element 34 : 12 	 13 	 2.100000e+011 	 1.300000e-003
element 35 : 11 	 12 	 2.100000e+011 	 2.000000e-004

7.777778e+006	0.000000e+000	-7.777778e+006	-0.000000e+000	
0.000000e+000	0.000000e+000	-0.000000e+000	-0.000000e+000	
-7.777778e+006	-0.000000e+000	7.777778e+006	0.000000e+000	
-0.000000e+000	-0.000000e+000	0.000000e+000	0.000000e+000	



3.641171e+005	4.045745e+006	-3.641171e+005	-4.045745e+006	
4.045745e+006	4.495272e+007	-4.045745e+006	-4.495272e+007	
-3.641171e+005	-4.045745e+006	3.641171e+005	4.045745e+006	
-4.045745e+006	-4.495272e+007	4.045745e+006	4.495272e+007	



1.400721e+007	-1.729285e+007	-1.400721e+007	1.729285e+007	
-1.729285e+007	2.134920e+007	1.729285e+007	-2.134920e+007	
-1.400721e+007	1.729285e+007	1.400721e+007	-1.729285e+007	
1.729285e+007	-2.134920e+007	-1.729285e+007	2.134920e+007	



3.641170e+005	-4.045745e+006	-3.641170e+005	4.045745e+006	
-4.045745e+006	4.495272e+007	4.045745e+006	-4.495272e+007	
-3.641170e+005	4.045745e+006	3.641170e+005	-4.045745e+006	
4.045745e+006	-4.495272e+007	-4.045745e+006	4.495272e+007	



9.722222e+006	0.000000e+000	-9.722222e+006	-0.000000e+000	
0.000000e+000	0.000000e+000	-0.000000e+000	-0.000000e+000	
-9.722222e+006	-0.000000e+000	9.722222e+006	0.000000e+000	
-0.000000e+000	-0.000000e+000	0.000000e+000	0.000000e+000	



3.641171e+005	4.045745e+006	-3.641171e+005	-4.045745e+006	
4.045745e+006	4.495272e+007	-4.045745e+006	-4.495272e+007	
-3.641171e+005	-4.045745e+006	3.641171e+005	4.045745e+006	
-4.045745e+006	-4.495272e+007	4.045745e+006	4.495272e+007	



1.093817e+007	-1.736217e+007	-1.093817e+007	1.736217e+007	
-1.736217e+007	2.755900e+007	1.736217e+007	-2.755900e+007	
-1.093817e+007	1.736217e+007	1.093817e+007	-1.736217e+007	
1.736217e+007	-2.755900e+007	-1.736217e+007	2.755900e+007	



3.641170e+005	-4.045745e+006	-3.641170e+005	4.045745e+006	
-4.045745e+006	4.495272e+007	4.045745e+006	-4.495272e+007	
-3.641170e+005	4.045745e+006	3.641170e+005	-4.045745e+006	
4.045745e+006	-4.495272e+007	-4.045745e+006	4.495272e+007	



1.296296e+007	0.000000e+000	-1.296296e+007	-0.000000e+000	
0.000000e+000	0.000000e+000	-0.000000e+000	-0.000000e+000	
-1.296296e+007	-0.000000e+000	1.296296e+007	0.000000e+000	
-0.000000e+000	-0.000000e+000	0.000000e+000	0.000000e+000	



3.641170e+005	4.045745e+006	-3.641170e+005	-4.045745e+006	
4.045745e+006	4.495272e+007	-4.045745e+006	-4.495272e+007	
-3.641170e+005	-4.045745e+006	3.641170e+005	4.045745e+006	
-4.045745e+006	-4.495272e+007	4.045745e+006	4.495272e+007	



6.987292e+006	-1.552731e+007	-6.987292e+006	1.552731e+007	
-1.552731e+007	3.450514e+007	1.552731e+007	-3.450514e+007	
-6.987292e+006	1.552731e+007	6.987292e+006	-1.552731e+007	
1.552731e+007	-3.450514e+007	-1.552731e+007	3.450514e+007	



3.641173e+005	-4.045746e+006	-3.641173e+005	4.045746e+006	
-4.045746e+006	4.495272e+007	4.045746e+006	-4.495272e+007	
-3.641173e+005	4.045746e+006	3.641173e+005	-4.045746e+006	
4.045746e+006	-4.495272e+007	-4.045746e+006	4.495272e+007	



1.944445e+007	0.000000e+000	-1.944445e+007	-0.000000e+000	
0.000000e+000	0.000000e+000	-0.000000e+000	-0.000000e+000	
-1.944445e+007	-0.000000e+000	1.944445e+007	0.000000e+000	
-0.000000e+000	-0.000000e+000	0.000000e+000	0.000000e+000	



3.641171e+005	4.045745e+006	-3.641171e+005	-4.045745e+006	
4.045745e+006	4.495272e+007	-4.045745e+006	-4.495272e+007	
-3.641171e+005	-4.045745e+006	3.641171e+005	4.045745e+006	
-4.045745e+006	-4.495272e+007	4.045745e+006	4.495272e+007	



2.984696e+006	-1.105443e+007	-2.984696e+006	1.105443e+007	
-1.105443e+007	4.094233e+007	1.105443e+007	-4.094233e+007	
-2.984696e+006	1.105443e+007	2.984696e+006	-1.105443e+007	
1.105443e+007	-4.094233e+007	-1.105443e+007	4.094233e+007	



3.641170e+005	-4.045745e+006	-3.641170e+005	4.045745e+006	
-4.045745e+006	4.495272e+007	4.045745e+006	-4.495272e+007	
-3.641170e+005	4.045745e+006	3.641170e+005	-4.045745e+006	
4.045745e+006	-4.495272e+007	-4.045745e+006	4.495272e+007	



3.888889e+007	0.000000e+000	-3.888889e+007	-0.000000e+000	
0.000000e+000	0.000000e+000	-0.000000e+000	-0.000000e+000	
-3.888889e+007	-0.000000e+000	3.888889e+007	0.000000e+000	
-0.000000e+000	-0.000000e+000	0.000000e+000	0.000000e+000	



3.641170e+005	4.045745e+006	-3.641170e+005	-4.045745e+006	
4.045745e+006	4.495272e+007	-4.045745e+006	-4.495272e+007	
-3.641170e+005	-4.045745e+006	3.641170e+005	4.045745e+006	
-4.045745e+006	-4.495272e+007	4.045745e+006	4.495272e+007	



3.641170e+005	-4.045745e+006	-3.641170e+005	4.045745e+006	
-4.045745e+006	4.495272e+007	4.045745e+006	-4.495272e+007	
-3.641170e+005	4.045745e+006	3.641170e+005	-4.045745e+006	
4.045745e+006	-4.495272e+007	-4.045745e+006	4.495272e+007	



2.209220e+007	2.554011e+007	-2.209220e+007	-2.554011e+007	
2.554011e+007	2.952614e+007	-2.554011e+007	-2.952614e+007	
-2.209220e+007	-2.554011e+007	2.209220e+007	2.554011e+007	
-2.554011e+007	-2.952614e+007	2.554011e+007	2.952614e+007	



4.883573e+007	-2.441787e+007	-4.883573e+007	2.441787e+007	
-2.441787e+007	1.220894e+007	2.441787e+007	-1.220894e+007	
-4.883573e+007	2.441787e+007	4.883573e+007	-2.441787e+007	
2.441787e+007	-1.220894e+007	-2.441787e+007	1.220894e+007	



6.666667e+006	0.000000e+000	-6.666667e+006	-0.000000e+000	
0.000000e+000	0.000000e+000	-0.000000e+000	-0.000000e+000	
-6.666667e+006	-0.000000e+000	6.666667e+006	0.000000e+000	
-0.000000e+000	-0.000000e+000	0.000000e+000	0.000000e+000	



1.865110e+007	-2.626915e+007	-1.865110e+007	2.626915e+007	
-2.626915e+007	3.699880e+007	2.626915e+007	-3.699880e+007	
-1.865110e+007	2.626915e+007	1.865110e+007	-2.626915e+007	
2.626915e+007	-3.699880e+007	-2.626915e+007	3.699880e+007	



4.883572e+007	-2.441786e+007	-4.883572e+007	2.441786e+007	
-2.441786e+007	1.220893e+007	2.441786e+007	-1.220893e+007	
-4.883572e+007	2.441786e+007	4.883572e+007	-2.441786e+007	
2.441786e+007	-1.220893e+007	-2.441786e+007	1.220893e+007	



2.972240e+007	5.124552e+007	-2.972240e+007	-5.124552e+007	
5.124552e+007	8.835436e+007	-5.124552e+007	-8.835436e+007	
-2.972240e+007	-5.124552e+007	2.972240e+007	5.124552e+007	
-5.124552e+007	-8.835436e+007	5.124552e+007	8.835436e+007	



4.883572e+007	-2.441786e+007	-4.883572e+007	2.441786e+007	
-2.441786e+007	1.220893e+007	2.441786e+007	-1.220893e+007	
-4.883572e+007	2.441786e+007	4.883572e+007	-2.441786e+007	
2.441786e+007	-1.220893e+007	-2.441786e+007	1.220893e+007	



8.139535e+006	0.000000e+000	-8.139535e+006	-0.000000e+000	
0.000000e+000	0.000000e+000	-0.000000e+000	-0.000000e+000	
-8.139535e+006	-0.000000e+000	8.139535e+006	0.000000e+000	
-0.000000e+000	-0.000000e+000	0.000000e+000	0.000000e+000	



2.209220e+007	-2.554011e+007	-2.209220e+007	2.554011e+007	
-2.554011e+007	2.952614e+007	2.554011e+007	-2.952614e+007	
-2.209220e+007	2.554011e+007	2.209220e+007	-2.554011e+007	
2.554011e+007	-2.952614e+007	-2.554011e+007	2.952614e+007	



4.883572e+007	2.441786e+007	-4.883572e+007	-2.441786e+007	
2.441786e+007	1.220893e+007	-2.441786e+007	-1.220893e+007	
-4.883572e+007	-2.441786e+007	4.883572e+007	2.441786e+007	
-2.441786e+007	-1.220893e+007	2.441786e+007	1.220893e+007	



6.666667e+006	-0.000000e+000	-6.666667e+006	0.000000e+000	
-0.000000e+000	0.000000e+000	0.000000e+000	-0.000000e+000	
-6.666667e+006	0.000000e+000	6.666667e+006	-0.000000e+000	
0.000000e+000	-0.000000e+000	-0.000000e+000	0.000000e+000	



1.865109e+007	2.626915e+007	-1.865109e+007	-2.626915e+007	
2.626915e+007	3.699880e+007	-2.626915e+007	-3.699880e+007	
-1.865109e+007	-2.626915e+007	1.865109e+007	2.626915e+007	
-2.626915e+007	-3.699880e+007	2.626915e+007	3.699880e+007	



4.883572e+007	2.441786e+007	-4.883572e+007	-2.441786e+007	
2.441786e+007	1.220893e+007	-2.441786e+007	-1.220893e+007	
-4.883572e+007	-2.441786e+007	4.883572e+007	2.441786e+007	
-2.441786e+007	-1.220893e+007	2.441786e+007	1.220893e+007	



2.972241e+007	-5.124552e+007	-2.972241e+007	5.124552e+007	
-5.124552e+007	8.835433e+007	5.124552e+007	-8.835433e+007	
-2.972241e+007	5.124552e+007	2.972241e+007	-5.124552e+007	
5.124552e+007	-8.835433e+007	-5.124552e+007	8.835433e+007	



4.883572e+007	2.441786e+007	-4.883572e+007	-2.441786e+007	
2.441786e+007	1.220893e+007	-2.441786e+007	-1.220893e+007	
-4.883572e+007	-2.441786e+007	4.883572e+007	2.441786e+007	
-2.441786e+007	-1.220893e+007	2.441786e+007	1.220893e+007	



8.139535e+006	-0.000000e+000	-8.139535e+006	0.000000e+000	
-0.000000e+000	0.000000e+000	0.000000e+000	-0.000000e+000	
-8.139535e+006	0.000000e+000	8.139535e+006	-0.000000e+000	
0.000000e+000	-0.000000e+000	-0.000000e+000	0.000000e+000	



8.141895e+006	4.045745e+006	-7.777778e+006	0.000000e+000	-3.641171e+005	-4.045745e+006	0.000000e+000	0.000000e+000	0.000000e+000	0.000000e+000	0.000000e+000	0.000000e+000	0.000000e+000	0.000000e+000	0.000000e+000	0.000000e+000	
4.045745e+006	4.495272e+007	0.000000e+000	0.000000e+000	-4.045745e+006	-4.495272e+007	0.000000e+000	0.000000e+000	0.000000e+000	0.000000e+000	0.000000e+000	0.000000e+000	0.000000e+000	0.000000e+000	0.000000e+000	0.000000e+000	
-7.777778e+006	0.000000e+000	2.214910e+007	-2.133859e+007	-1.400721e+007	1.729285e+007	-3.641170e+005	4.045745e+006	0.000000e+000	0.000000e+000	0.000000e+000	0.000000e+000	0.000000e+000	0.000000e+000	0.000000e+000	0.000000e+000	
0.000000e+000	0.000000e+000	-2.133859e+007	6.630191e+007	1.729285e+007	-2.134920e+007	4.045745e+006	-4.495272e+007	0.000000e+000	0.000000e+000	0.000000e+000	0.000000e+000	0.000000e+000	0.000000e+000	0.000000e+000	0.000000e+000	
-3.641171e+005	-4.045745e+006	-1.400721e+007	1.729285e+007	2.445767e+007	-9.201360e+006	-9.722222e+006	0.000000e+000	-3.641171e+005	-4.045745e+006	0.000000e+000	0.000000e+000	0.000000e+000	0.000000e+000	0.000000e+000	0.000000e+000	
-4.045745e+006	-4.495272e+007	1.729285e+007	-2.134920e+007	-9.201360e+006	1.112546e+008	0.000000e+000	0.000000e+000	-4.045745e+006	-4.495272e+007	0.000000e+000	0.000000e+000	0.000000e+000	0.000000e+000	0.000000e+000	0.000000e+000	
0.000000e+000	0.000000e+000	-3.641170e+005	4.045745e+006	-9.722222e+006	0.000000e+000	2.138862e+007	-2.545366e+007	-1.093817e+007	1.736217e+007	-3.641170e+005	4.045745e+006	0.000000e+000	0.000000e+000	0.000000e+000	0.000000e+000	
0.000000e+000	0.000000e+000	4.045745e+006	-4.495272e+007	0.000000e+000	0.000000e+000	-2.545366e+007	1.174644e+008	1.736217e+007	-2.755900e+007	4.045745e+006	-4.495272e+007	0.000000e+000	0.000000e+000	0.000000e+000	0.000000e+000	
0.000000e+000	0.000000e+000	0.000000e+000	0.000000e+000	-3.641171e+005	-4.045745e+006	-1.093817e+007	1.736217e+007	2.462936e+007	-9.270678e+006	-1.296296e+007	0.000000e+000	-3.641170e+005	-4.045745e+006	0.000000e+000	0.000000e+000	
0.000000e+000	0.000000e+000	0.000000e+000	0.000000e+000	-4.045745e+006	-4.495272e+007	1.736217e+007	-2.755900e+007	-9.270678e+006	1.174644e+008	0.000000e+000	0.000000e+000	-4.045745e+006	-4.495272e+007	0.000000e+000	0.000000e+000	
0.000000e+000	0.000000e+000	0.000000e+000	0.000000e+000	0.000000e+000	0.000000e+000	-3.641170e+005	4.045745e+006	-1.296296e+007	0.000000e+000	2.067849e+007	-2.361880e+007	-6.987292e+006	1.552731e+007	-3.641173e+005	4.045746e+006	
0.000000e+000	0.000000e+000	0.000000e+000	0.000000e+000	0.000000e+000	0.000000e+000	4.045745e+006	-4.495272e+007	0.000000e+000	0.000000e+000	-2.361880e+007	1.244106e+008	1.552731e+007	-3.450514e+007	4.045746e+006	-4.495272e+007	
0.000000e+000	0.000000e+000	0.000000e+000	0.000000e+000	0.000000e+000	0.000000e+000	0.000000e+000	0.000000e+000	-3.641170e+005	-4.045745e+006	-6.987292e+006	1.552731e+007	2.715997e+007	-7.435823e+006	-1.944445e+007	0.000000e+000	
0.000000e+000	0.000000e+000	0.000000e+000	0.000000e+000	0.000000e+000	0.000000e+000	0.000000e+000	0.000000e+000	-4.045745e+006	-4.495272e+007	1.552731e+007	-3.450514e+007	-7.435823e+006	1.244106e+008	0.000000e+000	0.000000e+000	
0.000000e+000	0.000000e+000	0.000000e+000	0.000000e+000	0.000000e+000	0.000000e+000	0.000000e+000	0.000000e+000	0.000000e+000	0.000000e+000	-3.641173e+005	4.045746e+006	-1.944445e+007	0.000000e+000	2.315738e+007	-1.914592e+007	
0.000000e+000	0.000000e+000	0.000000e+000	0.000000e+000	0.000000e+000	0.000000e+000	0.000000e+000	0.000000e+000	0.000000e+000	0.000000e+000	4.045746e+006	-4.495272e+007	0.000000e+000	0.000000e+000	-1.914592e+007	1.308478e+008	

le nombre des noeuds avec condition limite de deplacement : 3
les noeuds avec condition limite de deplacement : 
1	2	15	
 la matrice id : 
1	1	 
1	1	 
0	0	 
0	0	 
0	0	 
0	0	 
0	0	 
0	0	 
0	0	 
0	0	 
0	0	 
0	0	 
0	0	 
0	0	 
1	0	 
0	0	 
0	0	 
0	0	 
0	0	 

le nombre des noeuds avec une charge : 4
les noeuds avec une charge : 
11	12	18	19	
 la matrice Fxy : 
0.000000e+000 	0.000000e+000 	 
0.000000e+000 	0.000000e+000 	 
0.000000e+000 	0.000000e+000 	 
0.000000e+000 	0.000000e+000 	 
0.000000e+000 	0.000000e+000 	 
0.000000e+000 	0.000000e+000 	 
0.000000e+000 	0.000000e+000 	 
0.000000e+000 	0.000000e+000 	 
0.000000e+000 	0.000000e+000 	 
0.000000e+000 	0.000000e+000 	 
-1.082500e+004 	-6.250000e+003 	 
1.082500e+004 	-1.875000e+004 	 
0.000000e+000 	0.000000e+000 	 
0.000000e+000 	0.000000e+000 	 
0.000000e+000 	0.000000e+000 	 
0.000000e+000 	0.000000e+000 	 
0.000000e+000 	0.000000e+000 	 
1.082500e+004 	-6.250000e+003 	 
-1.082500e+004 	-1.875000e+004 	 
0.000000e+000 	0.000000e+000 	 
0.000000e+000 	0.000000e+000 	 
0.000000e+000 	0.000000e+000 	 
0.000000e+000 	0.000000e+000 	 
0.000000e+000 	0.000000e+000 	 
0.000000e+000 	0.000000e+000 	 
0.000000e+000 	0.000000e+000 	 
0.000000e+000 	0.000000e+000 	 
0.000000e+000 	0.000000e+000 	 
0.000000e+000 	0.000000e+000 	 
0.000000e+000 	0.000000e+000 	 
0.000000e+000 	0.000000e+000 	 
0.000000e+000 	0.000000e+000 	 
0.000000e+000 	0.000000e+000 	 
0.000000e+000 	0.000000e+000 	 
0.000000e+000 	0.000000e+000 	 

 la matrice id modifie : 
0	0	 
0	0	 
1	2	 
3	4	 
5	6	 
7	8	 
9	10	 
11	12	 
13	14	 
15	16	 
17	18	 
19	20	 
21	22	 
23	24	 
0	25	 
26	27	 
28	29	 
30	31	 
32	33	 

 la matrice reduite : 
2.445767e+007	-9.201360e+006	-9.722222e+006	0.000000e+000	-3.641171e+005	-4.045745e+006	0.000000e+000	0.000000e+000	0.000000e+000	0.000000e+000	0.000000e+000	0.000000e+000	0.000000e+000	0.000000e+000	0.000000e+000	0.000000e+000	0.000000e+000	0.000000e+000	0.000000e+000	0.000000e+000	0.000000e+000	0.000000e+000	0.000000e+000	0.000000e+000	0.000000e+000	0.000000e+000	0.000000e+000	0.000000e+000	0.000000e+000	0.000000e+000	0.000000e+000	0.000000e+000	0.000000e+000	 
-9.201360e+006	1.112546e+008	0.000000e+000	0.000000e+000	-4.045745e+006	-4.495272e+007	0.000000e+000	0.000000e+000	0.000000e+000	0.000000e+000	0.000000e+000	0.000000e+000	0.000000e+000	0.000000e+000	0.000000e+000	0.000000e+000	0.000000e+000	0.000000e+000	0.000000e+000	0.000000e+000	0.000000e+000	0.000000e+000	0.000000e+000	0.000000e+000	0.000000e+000	0.000000e+000	0.000000e+000	0.000000e+000	0.000000e+000	0.000000e+000	0.000000e+000	0.000000e+000	0.000000e+000	 
-9.722222e+006	0.000000e+000	2.138862e+007	-2.545366e+007	-1.093817e+007	1.736217e+007	-3.641170e+005	4.045745e+006	0.000000e+000	0.000000e+000	0.000000e+000	0.000000e+000	0.000000e+000	0.000000e+000	0.000000e+000	0.000000e+000	0.000000e+000	0.000000e+000	0.000000e+000	0.000000e+000	0.000000e+000	0.000000e+000	0.000000e+000	0.000000e+000	0.000000e+000	0.000000e+000	0.000000e+000	0.000000e+000	0.000000e+000	0.000000e+000	0.000000e+000	0.000000e+000	0.000000e+000	 
0.000000e+000	0.000000e+000	-2.545366e+007	1.174644e+008	1.736217e+007	-2.755900e+007	4.045745e+006	-4.495272e+007	0.000000e+000	0.000000e+000	0.000000e+000	0.000000e+000	0.000000e+000	0.000000e+000	0.000000e+000	0.000000e+000	0.000000e+000	0.000000e+000	0.000000e+000	0.000000e+000	0.000000e+000	0.000000e+000	0.000000e+000	0.000000e+000	0.000000e+000	0.000000e+000	0.000000e+000	0.000000e+000	0.000000e+000	0.000000e+000	0.000000e+000	0.000000e+000	0.000000e+000	 
-3.641171e+005	-4.045745e+006	-1.093817e+007	1.736217e+007	2.462936e+007	-9.270678e+006	-1.296296e+007	0.000000e+000	-3.641170e+005	-4.045745e+006	0.000000e+000	0.000000e+000	0.000000e+000	0.000000e+000	0.000000e+000	0.000000e+000	0.000000e+000	0.000000e+000	0.000000e+000	0.000000e+000	0.000000e+000	0.000000e+000	0.000000e+000	0.000000e+000	0.000000e+000	0.000000e+000	0.000000e+000	0.000000e+000	0.000000e+000	0.000000e+000	0.000000e+000	0.000000e+000	0.000000e+000	 
-4.045745e+006	-4.495272e+007	1.736217e+007	-2.755900e+007	-9.270678e+006	1.174644e+008	0.000000e+000	0.000000e+000	-4.045745e+006	-4.495272e+007	0.000000e+000	0.000000e+000	0.000000e+000	0.000000e+000	0.000000e+000	0.000000e+000	0.000000e+000	0.000000e+000	0.000000e+000	0.000000e+000	0.000000e+000	0.000000e+000	0.000000e+000	0.000000e+000	0.000000e+000	0.000000e+000	0.000000e+000	0.000000e+000	0.000000e+000	0.000000e+000	0.000000e+000	0.000000e+000	0.000000e+000	 
0.000000e+000	0.000000e+000	-3.641170e+005	4.045745e+006	-1.296296e+007	0.000000e+000	2.067849e+007	-2.361880e+007	-6.987292e+006	1.552731e+007	-3.641173e+005	4.045746e+006	0.000000e+000	0.000000e+000	0.000000e+000	0.000000e+000	0.000000e+000	0.000000e+000	0.000000e+000	0.000000e+000	0.000000e+000	0.000000e+000	0.000000e+000	0.000000e+000	0.000000e+000	0.000000e+000	0.000000e+000	0.000000e+000	0.000000e+000	0.000000e+000	0.000000e+000	0.000000e+000	0.000000e+000	 
0.000000e+000	0.000000e+000	4.045745e+006	-4.495272e+007	0.000000e+000	0.000000e+000	-2.361880e+007	1.244106e+008	1.552731e+007	-3.450514e+007	4.045746e+006	-4.495272e+007	0.000000e+000	0.000000e+000	0.000000e+000	0.000000e+000	0.000000e+000	0.000000e+000	0.000000e+000	0.000000e+000	0.000000e+000	0.000000e+000	0.000000e+000	0.000000e+000	0.000000e+000	0.000000e+000	0.000000e+000	0.000000e+000	0.000000e+000	0.000000e+000	0.000000e+000	0.000000e+000	0.000000e+000	 
0.000000e+000	0.000000e+000	0.000000e+000	0.000000e+000	-3.641170e+005	-4.045745e+006	-6.987292e+006	1.552731e+007	2.715997e+007	-7.435823e+006	-1.944445e+007	0.000000e+000	-3.641171e+005	-4.045745e+006	0.000000e+000	0.000000e+000	0.000000e+000	0.000000e+000	0.000000e+000	0.000000e+000	0.000000e+000	0.000000e+000	0.000000e+000	0.000000e+000	0.000000e+000	0.000000e+000	0.000000e+000	0.000000e+000	0.000000e+000	0.000000e+000	0.000000e+000	0.000000e+000	0.000000e+000	 
0.000000e+000	0.000000e+000	0.000000e+000	0.000000e+000	-4.045745e+006	-4.495272e+007	1.552731e+007	-3.450514e+007	-7.435823e+006	1.244106e+008	0.000000e+000	0.000000e+000	-4.045745e+006	-4.495272e+007	0.000000e+000	0.000000e+000	0.000000e+000	0.000000e+000	0.000000e+000	0.000000e+000	0.000000e+000	0.000000e+000	0.000000e+000	0.000000e+000	0.000000e+000	0.000000e+000	0.000000e+000	0.000000e+000	0.000000e+000	0.000000e+000	0.000000e+000	0.000000e+000	0.000000e+000	 
0.000000e+000	0.000000e+000	0.000000e+000	0.000000e+000	0.000000e+000	0.000000e+000	-3.641173e+005	4.045746e+006	-1.944445e+007	0.000000e+000	2.315738e+007	-1.914592e+007	-2.984696e+006	1.105443e+007	-3.641170e+005	4.045745e+006	0.000000e+000	0.000000e+000	0.000000e+000	0.000000e+000	0.000000e+000	0.000000e+000	0.000000e+000	0.000000e+000	0.000000e+000	0.000000e+000	0.000000e+000	0.000000e+000	0.000000e+000	0.000000e+000	0.000000e+000	0.000000e+000	0.000000e+000	 
0.000000e+000	0.000000e+000	0.000000e+000	0.000000e+000	0.000000e+000	0.000000e+000	4.045746e+006	-4.495272e+007	0.000000e+000	0.000000e+000	-1.914592e+007	1.308478e+008	1.105443e+007	-4.094233e+007	4.045745e+006	-4.495272e+007	0.000000e+000	0.000000e+000	0.000000e+000	0.000000e+000	0.000000e+000	0.000000e+000	0.000000e+000	0.000000e+000	0.000000e+000	0.000000e+000	0.000000e+000	0.000000e+000	0.000000e+000	0.000000e+000	0.000000e+000	0.000000e+000	0.000000e+000	 
0.000000e+000	0.000000e+000	0.000000e+000	0.000000e+000	0.000000e+000	0.000000e+000	0.000000e+000	0.000000e+000	-3.641171e+005	-4.045745e+006	-2.984696e+006	1.105443e+007	7.136068e+007	-2.850305e+007	-3.888889e+007	0.000000e+000	-6.666667e+006	0.000000e+000	0.000000e+000	0.000000e+000	0.000000e+000	0.000000e+000	-2.209220e+007	2.554011e+007	-4.045745e+006	0.000000e+000	0.000000e+000	0.000000e+000	0.000000e+000	0.000000e+000	0.000000e+000	0.000000e+000	0.000000e+000	 
0.000000e+000	0.000000e+000	0.000000e+000	0.000000e+000	0.000000e+000	0.000000e+000	0.000000e+000	0.000000e+000	-4.045745e+006	-4.495272e+007	1.105443e+007	-4.094233e+007	-2.850305e+007	1.603739e+008	0.000000e+000	0.000000e+000	0.000000e+000	0.000000e+000	0.000000e+000	0.000000e+000	0.000000e+000	0.000000e+000	2.554011e+007	-2.952614e+007	-4.495272e+007	0.000000e+000	0.000000e+000	0.000000e+000	0.000000e+000	0.000000e+000	0.000000e+000	0.000000e+000	0.000000e+000	 
0.000000e+000	0.000000e+000	0.000000e+000	0.000000e+000	0.000000e+000	0.000000e+000	0.000000e+000	0.000000e+000	0.000000e+000	0.000000e+000	-3.641170e+005	4.045745e+006	-3.888889e+007	0.000000e+000	6.837598e+007	1.744862e+007	0.000000e+000	0.000000e+000	0.000000e+000	0.000000e+000	0.000000e+000	0.000000e+000	0.000000e+000	0.000000e+000	4.045745e+006	-2.209220e+007	-2.554011e+007	0.000000e+000	0.000000e+000	-6.666667e+006	0.000000e+000	0.000000e+000	0.000000e+000	 
0.000000e+000	0.000000e+000	0.000000e+000	0.000000e+000	0.000000e+000	0.000000e+000	0.000000e+000	0.000000e+000	0.000000e+000	0.000000e+000	4.045745e+006	-4.495272e+007	0.000000e+000	0.000000e+000	1.744862e+007	1.194316e+008	0.000000e+000	0.000000e+000	0.000000e+000	0.000000e+000	0.000000e+000	0.000000e+000	0.000000e+000	0.000000e+000	-4.495272e+007	-2.554011e+007	-2.952614e+007	0.000000e+000	0.000000e+000	0.000000e+000	0.000000e+000	0.000000e+000	0.000000e+000	 
0.000000e+000	0.000000e+000	0.000000e+000	0.000000e+000	0.000000e+000	0.000000e+000	0.000000e+000	0.000000e+000	0.000000e+000	0.000000e+000	0.000000e+000	0.000000e+000	-6.666667e+006	0.000000e+000	0.000000e+000	0.000000e+000	6.317970e+007	-2.497638e+007	-8.139535e+006	0.000000e+000	-2.972241e+007	5.124552e+007	-1.865109e+007	-2.626915e+007	0.000000e+000	0.000000e+000	0.000000e+000	0.000000e+000	0.000000e+000	0.000000e+000	0.000000e+000	0.000000e+000	0.000000e+000	 
0.000000e+000	0.000000e+000	0.000000e+000	0.000000e+000	0.000000e+000	0.000000e+000	0.000000e+000	0.000000e+000	0.000000e+000	0.000000e+000	0.000000e+000	0.000000e+000	0.000000e+000	0.000000e+000	0.000000e+000	0.000000e+000	-2.497638e+007	1.253531e+008	0.000000e+000	0.000000e+000	5.124552e+007	-8.835433e+007	-2.626915e+007	-3.699880e+007	0.000000e+000	0.000000e+000	0.000000e+000	0.000000e+000	0.000000e+000	0.000000e+000	0.000000e+000	0.000000e+000	0.000000e+000	 
0.000000e+000	0.000000e+000	0.000000e+000	0.000000e+000	0.000000e+000	0.000000e+000	0.000000e+000	0.000000e+000	0.000000e+000	0.000000e+000	0.000000e+000	0.000000e+000	0.000000e+000	0.000000e+000	0.000000e+000	0.000000e+000	-8.139535e+006	0.000000e+000	5.697526e+007	2.441786e+007	-4.883572e+007	-2.441786e+007	0.000000e+000	0.000000e+000	0.000000e+000	0.000000e+000	0.000000e+000	0.000000e+000	0.000000e+000	0.000000e+000	0.000000e+000	0.000000e+000	0.000000e+000	 
0.000000e+000	0.000000e+000	0.000000e+000	0.000000e+000	0.000000e+000	0.000000e+000	0.000000e+000	0.000000e+000	0.000000e+000	0.000000e+000	0.000000e+000	0.000000e+000	0.000000e+000	0.000000e+000	0.000000e+000	0.000000e+000	0.000000e+000	0.000000e+000	2.441786e+007	1.220893e+007	-2.441786e+007	-1.220893e+007	0.000000e+000	0.000000e+000	0.000000e+000	0.000000e+000	0.000000e+000	0.000000e+000	0.000000e+000	0.000000e+000	0.000000e+000	0.000000e+000	0.000000e+000	 
0.000000e+000	0.000000e+000	0.000000e+000	0.000000e+000	0.000000e+000	0.000000e+000	0.000000e+000	0.000000e+000	0.000000e+000	0.000000e+000	0.000000e+000	0.000000e+000	0.000000e+000	0.000000e+000	0.000000e+000	0.000000e+000	-2.972241e+007	5.124552e+007	-4.883572e+007	-2.441786e+007	1.273938e+008	-2.409804e+006	-4.883572e+007	-2.441786e+007	0.000000e+000	0.000000e+000	0.000000e+000	0.000000e+000	0.000000e+000	0.000000e+000	0.000000e+000	0.000000e+000	0.000000e+000	 
0.000000e+000	0.000000e+000	0.000000e+000	0.000000e+000	0.000000e+000	0.000000e+000	0.000000e+000	0.000000e+000	0.000000e+000	0.000000e+000	0.000000e+000	0.000000e+000	0.000000e+000	0.000000e+000	0.000000e+000	0.000000e+000	5.124552e+007	-8.835433e+007	-2.441786e+007	-1.220893e+007	-2.409804e+006	1.127722e+008	-2.441786e+007	-1.220893e+007	0.000000e+000	0.000000e+000	0.000000e+000	0.000000e+000	0.000000e+000	0.000000e+000	0.000000e+000	0.000000e+000	0.000000e+000	 
0.000000e+000	0.000000e+000	0.000000e+000	0.000000e+000	0.000000e+000	0.000000e+000	0.000000e+000	0.000000e+000	0.000000e+000	0.000000e+000	0.000000e+000	0.000000e+000	-2.209220e+007	2.554011e+007	0.000000e+000	0.000000e+000	-1.865109e+007	-2.626915e+007	0.000000e+000	0.000000e+000	-4.883572e+007	-2.441786e+007	1.384147e+008	4.956475e+007	-2.441786e+007	0.000000e+000	0.000000e+000	0.000000e+000	0.000000e+000	0.000000e+000	0.000000e+000	0.000000e+000	0.000000e+000	 
0.000000e+000	0.000000e+000	0.000000e+000	0.000000e+000	0.000000e+000	0.000000e+000	0.000000e+000	0.000000e+000	0.000000e+000	0.000000e+000	0.000000e+000	0.000000e+000	2.554011e+007	-2.952614e+007	0.000000e+000	0.000000e+000	-2.626915e+007	-3.699880e+007	0.000000e+000	0.000000e+000	-2.441786e+007	-1.220893e+007	4.956475e+007	9.094280e+007	-1.220893e+007	0.000000e+000	0.000000e+000	0.000000e+000	0.000000e+000	0.000000e+000	0.000000e+000	0.000000e+000	0.000000e+000	 
0.000000e+000	0.000000e+000	0.000000e+000	0.000000e+000	0.000000e+000	0.000000e+000	0.000000e+000	0.000000e+000	0.000000e+000	0.000000e+000	0.000000e+000	0.000000e+000	-4.045745e+006	-4.495272e+007	4.045745e+006	-4.495272e+007	0.000000e+000	0.000000e+000	0.000000e+000	0.000000e+000	0.000000e+000	0.000000e+000	-2.441786e+007	-1.220893e+007	1.143233e+008	2.441787e+007	-1.220894e+007	0.000000e+000	0.000000e+000	0.000000e+000	0.000000e+000	0.000000e+000	0.000000e+000	 
0.000000e+000	0.000000e+000	0.000000e+000	0.000000e+000	0.000000e+000	0.000000e+000	0.000000e+000	0.000000e+000	0.000000e+000	0.000000e+000	0.000000e+000	0.000000e+000	0.000000e+000	0.000000e+000	-2.209220e+007	-2.554011e+007	0.000000e+000	0.000000e+000	0.000000e+000	0.000000e+000	0.000000e+000	0.000000e+000	0.000000e+000	0.000000e+000	2.441787e+007	1.384148e+008	-4.956476e+007	-4.883572e+007	2.441786e+007	-1.865110e+007	2.626915e+007	0.000000e+000	0.000000e+000	 
0.000000e+000	0.000000e+000	0.000000e+000	0.000000e+000	0.000000e+000	0.000000e+000	0.000000e+000	0.000000e+000	0.000000e+000	0.000000e+000	0.000000e+000	0.000000e+000	0.000000e+000	0.000000e+000	-2.554011e+007	-2.952614e+007	0.000000e+000	0.000000e+000	0.000000e+000	0.000000e+000	0.000000e+000	0.000000e+000	0.000000e+000	0.000000e+000	-1.220894e+007	-4.956476e+007	9.094280e+007	2.441786e+007	-1.220893e+007	2.626915e+007	-3.699880e+007	0.000000e+000	0.000000e+000	 
0.000000e+000	0.000000e+000	0.000000e+000	0.000000e+000	0.000000e+000	0.000000e+000	0.000000e+000	0.000000e+000	0.000000e+000	0.000000e+000	0.000000e+000	0.000000e+000	0.000000e+000	0.000000e+000	0.000000e+000	0.000000e+000	0.000000e+000	0.000000e+000	0.000000e+000	0.000000e+000	0.000000e+000	0.000000e+000	0.000000e+000	0.000000e+000	0.000000e+000	-4.883572e+007	2.441786e+007	1.273938e+008	2.409800e+006	-2.972240e+007	-5.124552e+007	-4.883572e+007	2.441786e+007	 
0.000000e+000	0.000000e+000	0.000000e+000	0.000000e+000	0.000000e+000	0.000000e+000	0.000000e+000	0.000000e+000	0.000000e+000	0.000000e+000	0.000000e+000	0.000000e+000	0.000000e+000	0.000000e+000	0.000000e+000	0.000000e+000	0.000000e+000	0.000000e+000	0.000000e+000	0.000000e+000	0.000000e+000	0.000000e+000	0.000000e+000	0.000000e+000	0.000000e+000	2.441786e+007	-1.220893e+007	2.409800e+006	1.127722e+008	-5.124552e+007	-8.835436e+007	2.441786e+007	-1.220893e+007	 
0.000000e+000	0.000000e+000	0.000000e+000	0.000000e+000	0.000000e+000	0.000000e+000	0.000000e+000	0.000000e+000	0.000000e+000	0.000000e+000	0.000000e+000	0.000000e+000	0.000000e+000	0.000000e+000	-6.666667e+006	0.000000e+000	0.000000e+000	0.000000e+000	0.000000e+000	0.000000e+000	0.000000e+000	0.000000e+000	0.000000e+000	0.000000e+000	0.000000e+000	-1.865110e+007	2.626915e+007	-2.972240e+007	-5.124552e+007	6.317970e+007	2.497637e+007	-8.139535e+006	0.000000e+000	 
0.000000e+000	0.000000e+000	0.000000e+000	0.000000e+000	0.000000e+000	0.000000e+000	0.000000e+000	0.000000e+000	0.000000e+000	0.000000e+000	0.000000e+000	0.000000e+000	0.000000e+000	0.000000e+000	0.000000e+000	0.000000e+000	0.000000e+000	0.000000e+000	0.000000e+000	0.000000e+000	0.000000e+000	0.000000e+000	0.000000e+000	0.000000e+000	0.000000e+000	2.626915e+007	-3.699880e+007	-5.124552e+007	-8.835436e+007	2.497637e+007	1.253532e+008	0.000000e+000	0.000000e+000	 
0.000000e+000	0.000000e+000	0.000000e+000	0.000000e+000	0.000000e+000	0.000000e+000	0.000000e+000	0.000000e+000	0.000000e+000	0.000000e+000	0.000000e+000	0.000000e+000	0.000000e+000	0.000000e+000	0.000000e+000	0.000000e+000	0.000000e+000	0.000000e+000	0.000000e+000	0.000000e+000	0.000000e+000	0.000000e+000	0.000000e+000	0.000000e+000	0.000000e+000	0.000000e+000	0.000000e+000	-4.883572e+007	2.441786e+007	-8.139535e+006	0.000000e+000	5.697526e+007	-2.441786e+007	 
0.000000e+000	0.000000e+000	0.000000e+000	0.000000e+000	0.000000e+000	0.000000e+000	0.000000e+000	0.000000e+000	0.000000e+000	0.000000e+000	0.000000e+000	0.000000e+000	0.000000e+000	0.000000e+000	0.000000e+000	0.000000e+000	0.000000e+000	0.000000e+000	0.000000e+000	0.000000e+000	0.000000e+000	0.000000e+000	0.000000e+000	0.000000e+000	0.000000e+000	0.000000e+000	0.000000e+000	2.441786e+007	-1.220893e+007	0.000000e+000	0.000000e+000	-2.441786e+007	1.220893e+007	 
 

 le vecteur des forces : 
0.000000e+000
0.000000e+000
0.000000e+000
0.000000e+000
0.000000e+000
0.000000e+000
0.000000e+000
0.000000e+000
0.000000e+000
0.000000e+000
0.000000e+000
0.000000e+000
0.000000e+000
0.000000e+000
0.000000e+000
0.000000e+000
-1.082500e+004
-6.250000e+003
1.082500e+004
-1.875000e+004
0.000000e+000
0.000000e+000
0.000000e+000
0.000000e+000
0.000000e+000
0.000000e+000
0.000000e+000
0.000000e+000
0.000000e+000
1.082500e+004
-6.250000e+003
-1.082500e+004
-1.875000e+004
 
les deplacements sont : 
-6.179515e-004	
-5.005379e-004	
-6.179573e-004	
-6.117524e-004	
-1.235931e-003	
-1.001072e-003	
-1.235937e-003	
-1.223509e-003	
-1.853933e-003	
-1.501602e-003	
-1.853939e-003	
-1.835273e-003	
-2.471962e-003	
-2.002124e-003	
-3.619470e-003	
-2.550329e-003	
3.818677e-003	
-5.355051e-003	
9.755748e-003	
-2.711835e-002	
5.809302e-004	
-7.232945e-003	
-1.597254e-003	
-1.340813e-003	
-2.718129e-003	
-4.332138e-004	
-5.401754e-003	
-4.641893e-003	
-1.535488e-002	
-9.910135e-003	
-1.229930e-002	
-1.584721e-002	
-3.930128e-002	

 les deplacements globales sont : 
0.000000e+000	
0.000000e+000	
0.000000e+000	
0.000000e+000	
-6.179515e-004	
-5.005379e-004	
-6.179573e-004	
-6.117524e-004	
-1.235931e-003	
-1.001072e-003	
-1.235937e-003	
-1.223509e-003	
-1.853933e-003	
-1.501602e-003	
-1.853939e-003	
-1.835273e-003	
-2.471962e-003	
-2.002124e-003	
-3.619470e-003	
-2.550329e-003	
3.818677e-003	
-5.355051e-003	
9.755748e-003	
-2.711835e-002	
5.809302e-004	
-7.232945e-003	
-1.597254e-003	
-1.340813e-003	
0.000000e+000	
-2.718129e-003	
-4.332138e-004	
-5.401754e-003	
-4.641893e-003	
-1.535488e-002	
-9.910135e-003	
-1.229930e-002	
-1.584721e-002	
-3.930128e-002	

 les reactions sont : 
2.250055e+003	
2.500061e+004	
-2.249938e+003	
2.499978e+004	
1.220703e-003	
-3.906250e-003	
3.906250e-003	
3.906250e-003	
2.441406e-003	
0.000000e+000	
0.000000e+000	
-7.812500e-003	
3.417969e-003	
0.000000e+000	
-6.835938e-003	
-7.812500e-003	
-2.636719e-002	
7.812500e-003	
1.562500e-002	
-3.125000e-002	
-1.082500e+004	
-6.250047e+003	
1.082491e+004	
-1.875005e+004	
3.515625e-002	
3.320313e-002	
5.468750e-002	
2.734375e-002	
-6.250000e-002	
7.812500e-003	
6.250000e-002	
-6.250000e-002	
6.250000e-002	
3.125000e-002	
1.082495e+004	
-6.250125e+003	
-1.082513e+004	
-1.875000e+004	

 
La barre 	 noeuds 	 L'effort axial 	  la contrainte 	 la deformation (10^3) 

   1 		  (1,2)  	   0.00 		   0.00 	          0.000000
   2 		  (1,3)  	   -25101.66 		   -19308970.00 	          -0.091947
   3 		  (2,3)  	   0.08 		   59.37 	          0.000000
   4 		  (2,4)  	   -25100.88 		   -19308372.00 	          -0.091945
   5 		  (3,4)  	   -0.06 		   -280.12 	          -0.000001
   6 		  (3,5)  	   -25101.60 		   -19308922.00 	          -0.091947
   7 		  (4,5)  	   0.13 		   96.53 	          0.000000
   8 		  (4,6)  	   -25100.99 		   -19308456.00 	          -0.091945
   9 		  (5,6)  	   -0.08 		   -377.27 	          -0.000002
   10 		  (5,7)  	   -25101.50 		   -19308844.00 	          -0.091947
   11 		  (6,7)  	   0.24 		   182.07 	          0.000001
   12 		  (6,8)  	   -25101.21 		   -19308626.00 	          -0.091946
   13 		  (7,8)  	   -0.12 		   -588.54 	          -0.000003
   14 		  (7,9)  	   -25101.29 		   -19308682.00 	          -0.091946
   15 		  (8,9)  	   0.64 		   493.18 	          0.000002
   16 		  (8,10)  	   -25101.85 		   -19309112.00 	          -0.091948
   17 		  (9,10)  	   -44625.34 		   -223126704.00 	          -1.062508
   18 		  (9,15)  	   -22275.12 		   -17134704.00 	          -0.081594
   19 		  (10,15)  	   -22276.22 		   -17135552.00 	          -0.081598
   20 		  (10,16)  	   -3721.00 		   -2862304.00 	          -0.013630
   21 		  (15,16)  	   49609.49 		   38161144.00 	          0.181720
   22 		  (10,18)  	   -41937.76 		   -209688800.00 	          -0.998518
   23 		  (16,18)  	   7665.33 		   5896411.50 	          0.028078
   24 		  (16,17)  	   41926.37 		   32251054.00 	          0.153576
   25 		  (17,18)  	   -0.03 		   -21.15 	          -0.000000
   26 		  (17,19)  	   41926.27 		   32250980.00 	          0.153576
   27 		  (18,19)  	   -48325.06 		   -241625312.00 	          -1.150597
   28 		  (9,14)  	   -3720.92 		   -2862244.00 	          -0.013630
   29 		  (14,15)  	   49609.32 		   38161012.00 	          0.181719
   30 		  (9,11)  	   -41937.59 		   -209687952.00 	          -0.998514
   31 		  (11,14)  	   7665.26 		   5896352.00 	          0.028078
   32 		  (13,14)  	   41926.39 		   32251066.00 	          0.153577
   33 		  (11,13)  	   -0.04 		   -31.72 	          -0.000000
   34 		  (12,13)  	   41926.39 		   32251066.00 	          0.153577
   35 		  (11,12)  	   -48325.00 		   -241624992.00 	          -1.150595
